16916 -> 01000010 00010100
62493 -> 11110100 00011101
30198 -> 01110101 11110110
53683 -> 11010001 10110011
40185 -> 10011100 11111001
28781 -> 01110000 01101101
24462 -> 01011111 10001110
48399 -> 10111101 00001111
64815 -> 11111101 00101111
18295 -> 01000111 01110111
12218 -> 00101111 10111010
22760 -> 01011000 11101000
57982 -> 11100010 01111110
27966 -> 01101101 00111110
54894 -> 11010110 01101110
38929 -> 10011000 00010001
32865 -> 10000000 01100001
64243 -> 11111010 11110011
2315 -> 00001001 00001011
64454 -> 11111011 11000110
55041 -> 11010111 00000001
18633 -> 01001000 11001001
14557 -> 00111000 11011101
61006 -> 11101110 01001110
62615 -> 11110100 10010111
7591 -> 00011101 10100111
64747 -> 11111100 11101011
6727 -> 00011010 01000111
32315 -> 01111110 00111011
60645 -> 11101100 11100101
6308 -> 00011000 10100100
45688 -> 10110010 01111000
969 -> 00000011 11001001
40891 -> 10011111 10111011
49294 -> 11000000 10001110
41118 -> 10100000 10011110
21395 -> 01010011 10010011
6091 -> 00010111 11001011
32541 -> 01111111 00011101
17665 -> 01000101 00000001
3784 -> 00001110 11001000
28718 -> 01110000 00101110
59240 -> 11100111 01101000
40178 -> 10011100 11110010
60086 -> 11101010 10110110
42252 -> 10100101 00001100
44770 -> 10101110 11100010
22514 -> 01010111 11110010
3067 -> 00001011 11111011
15757 -> 00111101 10001101
31649 -> 01111011 10100001
10842 -> 00101010 01011010
43765 -> 10101010 11110101
33405 -> 10000010 01111101
44954 -> 10101111 10011010
56657 -> 11011101 01010001
5003 -> 00010011 10001011
50227 -> 11000100 00110011
19358 -> 01001011 10011110
36529 -> 10001110 10110001
10392 -> 00101000 10011000
58882 -> 11100110 00000010
5129 -> 00010100 00001001
58554 -> 11100100 10111010
58584 -> 11100100 11011000
27444 -> 01101011 00110100
58982 -> 11100110 01100110
51476 -> 11001001 00010100
6796 -> 00011010 10001100
21311 -> 01010011 00111111
30705 -> 01110111 11110001
28964 -> 01110001 00100100
41003 -> 10100000 00101011
20259 -> 01001111 00100011
57857 -> 11100010 00000001
63258 -> 11110111 00011010
36374 -> 10001110 00010110
692 -> 00000010 10110100
43121 -> 10101000 01110001
48128 -> 10111100 00000000
34561 -> 10000111 00000001
49213 -> 11000000 00111101
36922 -> 10010000 00111010
59162 -> 11100111 00011010
50552 -> 11000101 01111000
17866 -> 01000101 11001010
18145 -> 01000110 11100001
3884 -> 00001111 00101100
54388 -> 11010100 01110100
42932 -> 10100111 10110100
46919 -> 10110111 01000111
58892 -> 11100110 00001100
8620 -> 00100001 10101100
38336 -> 10010101 11000000
64357 -> 11111011 01100101
23387 -> 01011011 01011011
42632 -> 10100110 10001000
15913 -> 00111110 00101001
15679 -> 00111101 00111111
22501 -> 01010111 11100101
37540 -> 10010010 10100100
5527 -> 00010101 10010111
63921 -> 11111001 10110001
62716 -> 11110100 11111100
32874 -> 10000000 01101010
64390 -> 11111011 10000110
63101 -> 11110110 01111101
61802 -> 11110001 01101010
19648 -> 01001100 11000000
29031 -> 01110001 01100111
44981 -> 10101111 10110101
28092 -> 01101101 10111100
9448 -> 00100100 11101000
44744 -> 10101110 11001000
61496 -> 11110000 00111000
31453 -> 01111010 11011101
60746 -> 11101101 01001010
12199 -> 00101111 10100111
62255 -> 11110011 00101111
21793 -> 01010101 00100001
26544 -> 01100111 10110000
14964 -> 00111010 01110100
41462 -> 10100001 11110110
56089 -> 11011011 00011001
52038 -> 11001011 01000110
47982 -> 10111011 01101110
59484 -> 11101000 01011100
50924 -> 11000110 11101100
6942 -> 00011011 00011110
34998 -> 10001000 10110110
27069 -> 01101001 10111101
51926 -> 11001010 11010110
60645 -> 11101100 11100101
43181 -> 10101000 10101101
10559 -> 00101001 00111111
4664 -> 00010010 00111000
28578 -> 01101111 10100010
59516 -> 11101000 01111100
38912 -> 10011000 00000000
63562 -> 11111000 01001010
64846 -> 11111101 01001110
62938 -> 11110101 11011010
27194 -> 01101010 00111010
28804 -> 01110000 10000100
61703 -> 11110001 00000111
10998 -> 00101010 11110110
6596 -> 00011001 11000100
37721 -> 10010011 01011001
43430 -> 10101001 10100110
22692 -> 01011000 10100100
62971 -> 11110101 11111011
47125 -> 10111000 00010101
52521 -> 11001101 00101001
34646 -> 10000111 01010110
32889 -> 10000000 01111001
13055 -> 00110010 11111111
65416 -> 11111111 10001000
62869 -> 11110101 10010101
57314 -> 11011111 11100010
12659 -> 00110001 01110011
14052 -> 00110110 11100100
32956 -> 10000000 10111100
49273 -> 11000000 01111001
50352 -> 11000100 10110000
49737 -> 11000010 01001001
15555 -> 00111100 11000011
47475 -> 10111001 01110011
15328 -> 00111011 11100000
34621 -> 10000111 00111101
51365 -> 11001000 10100101
32820 -> 10000000 00110100
48855 -> 10111110 11010111
12224 -> 00101111 11000000
2035 -> 00000111 11110011
60539 -> 11101100 01111011
14595 -> 00111001 00000011
13853 -> 00110110 00011101
24143 -> 01011110 01001111
15216 -> 00111011 01110000
8113 -> 00011111 10110001
22640 -> 01011000 01110000
32978 -> 10000000 11010010
39151 -> 10011000 11101111
19520 -> 01001100 01000000
58141 -> 11100011 00011101
63959 -> 11111001 11010111
53040 -> 11001111 00110000
55842 -> 11011010 00100010
585 -> 00000010 01001001
51229 -> 11001000 00011101
64181 -> 11111010 10110101
54879 -> 11010110 01011111
28210 -> 01101110 00110010
10268 -> 00101000 00011100
15395 -> 00111100 00100011
12884 -> 00110010 01010100
2149 -> 00001000 01100101
53483 -> 11010000 11101011
59606 -> 11101000 11010110
14981 -> 00111010 10000101
36672 -> 10001111 01000000
23197 -> 01011010 10011101
36518 -> 10001110 10100110
13361 -> 00110100 00110001
19810 -> 01001101 01100010
25955 -> 01100101 01100011
62678 -> 11110100 11010110
26021 -> 01100101 10100101
29409 -> 01110010 11100001
38111 -> 10010100 11011111
58573 -> 11100100 11001101
56840 -> 11011110 00001000
41306 -> 10100001 01011010
54426 -> 11010100 10011010
3617 -> 00001110 00100001
50652 -> 11000101 11011100
41452 -> 10100001 11101100
20241 -> 01001111 00010001
31723 -> 01111011 11101011
53747 -> 11010001 11110011
28550 -> 01101111 10000110
23402 -> 01011011 01101010
21205 -> 01010010 11010101
56181 -> 11011011 01110101
57470 -> 11100000 01111110
39933 -> 10011011 11111101
34964 -> 10001000 10010100
24781 -> 01100000 11001101
41747 -> 10100011 00010011
62564 -> 11110100 01100100
58461 -> 11100100 01011101
20858 -> 01010001 01111010
49301 -> 11000000 10010101
40572 -> 10011110 01111100
23840 -> 01011101 00100000
35278 -> 10001001 11001110
62905 -> 11110101 10111001
56650 -> 11011101 01001010
11149 -> 00101011 10001101
38920 -> 10011000 00001000
23430 -> 01011011 10000110
57592 -> 11100000 11111000
3080 -> 00001100 00001000
6677 -> 00011010 00010101
50704 -> 11000110 00010000
51883 -> 11001010 10101011
62799 -> 11110101 01001111
20188 -> 01001110 11011100
1245 -> 00000100 11011101
12220 -> 00101111 10111100
17602 -> 01000100 11000010
28609 -> 01101111 11000001
42694 -> 10100110 11000110
29826 -> 01110100 10000010
13827 -> 00110110 00000011
27336 -> 01101010 11001000
53343 -> 11010000 01011111
11533 -> 00101101 00001101
41713 -> 10100010 11110001
33890 -> 10000100 01100010
4894 -> 00010011 00011110
57599 -> 11100000 11111111
3870 -> 00001111 00011110
58622 -> 11100100 11111110
29780 -> 01110100 01010100
62553 -> 11110100 01011001
2303 -> 00001000 11111111
51915 -> 11001010 11001011
6251 -> 00011000 01101011
38107 -> 10010100 11011011
59325 -> 11100111 10111101
61295 -> 11101111 01101111
26699 -> 01101000 01001011
51188 -> 11000111 11110100
59519 -> 11101000 01111111
7345 -> 00011100 10110001
20325 -> 01001111 01100101
39633 -> 10011010 11010001
1562 -> 00000110 00011010
7580 -> 00011101 10011100
8170 -> 00011111 11101010
62256 -> 11110011 00110000
35823 -> 10001011 11101111
27790 -> 01101100 10001110
13191 -> 00110011 10000111
9772 -> 00100110 00101100
7477 -> 00011101 00110101
44455 -> 10101101 10100111
59546 -> 11101000 10011010
49347 -> 11000000 11000011
36539 -> 10001110 10111011
12453 -> 00110000 10100101
49640 -> 11000001 11101000
28290 -> 01101110 10000010
44817 -> 10101111 00010001
8565 -> 00100001 01110101
16399 -> 01000000 00001111
41934 -> 10100011 11001110
45457 -> 10110001 10010001
33856 -> 10000100 01000000
19498 -> 01001100 00101010
17661 -> 01000100 11111101
63829 -> 11111001 01010101
42034 -> 10100100 00110010
28928 -> 01110001 00000000
30711 -> 01110111 11110111
8800 -> 00100010 01100000
52335 -> 11001100 01101111
38775 -> 10010111 01110111
52704 -> 11001101 11100000
24380 -> 01011111 00111100
19602 -> 01001100 10010010
57998 -> 11100010 10001110
2919 -> 00001011 01100111
8362 -> 00100000 10101010
17884 -> 01000101 11011100
45737 -> 10110010 10101001
47894 -> 10111011 00010110
59667 -> 11101001 00010011
10385 -> 00101000 10010001
52782 -> 11001110 00101110
64416 -> 11111011 10100000
40946 -> 10011111 11110010
16778 -> 01000001 10001010
27159 -> 01101010 00010111
24324 -> 01011111 00000100
32450 -> 01111110 11000010
9108 -> 00100011 10010100
65305 -> 11111111 00011001
19575 -> 01001100 01110111
11117 -> 00101011 01101101
65170 -> 11111110 10010010
58013 -> 11100010 10011101
61676 -> 11110000 11101100
63510 -> 11111000 00010110
17458 -> 01000100 00110010
54675 -> 11010101 10010011
1713 -> 00000110 10110001
55105 -> 11010111 01000001
65321 -> 11111111 00101001
45278 -> 10110000 11011110
26256 -> 01100110 10010000
64198 -> 11111010 11000110
29441 -> 01110011 00000001
1928 -> 00000111 10001000
39425 -> 10011010 00000001
32000 -> 01111101 00000000
28549 -> 01101111 10000101
46295 -> 10110100 11010111
22772 -> 01011000 11110100
58228 -> 11100011 01110100
63525 -> 11111000 00100101
32602 -> 01111111 01011010
46195 -> 10110100 01110011
55849 -> 11011010 00101001
46454 -> 10110101 01110110
7487 -> 00011101 00111111
33879 -> 10000100 01010111
42004 -> 10100100 00010100
8599 -> 00100001 10010111
18641 -> 01001000 11010001
49015 -> 10111111 01110111
26830 -> 01101000 11001110
34754 -> 10000111 11000010
14668 -> 00111001 01001100
38362 -> 10010101 11011010
38791 -> 10010111 10000111
4171 -> 00010000 01001011
45975 -> 10110011 10010111
14623 -> 00111001 00011111
62393 -> 11110011 10111001
64658 -> 11111100 10010010
10963 -> 00101010 11010011
9058 -> 00100011 01100010
51031 -> 11000111 01010111
32425 -> 01111110 10101001
45483 -> 10110001 10101011
44611 -> 10101110 01000011
63664 -> 11111000 10110000
54920 -> 11010110 10001000
7663 -> 00011101 11101111
56480 -> 11011100 10100000
1489 -> 00000101 11010001
28438 -> 01101111 00010110
65449 -> 11111111 10101001
12441 -> 00110000 10011001
58530 -> 11100100 10100010
63570 -> 11111000 01010010
26251 -> 01100110 10001011
15972 -> 00111110 01100100
35826 -> 10001011 11110010
5491 -> 00010101 01110011
54253 -> 11010011 11101101
49655 -> 11000001 11110111
5868 -> 00010110 11101100
20163 -> 01001110 11000011
51079 -> 11000111 10000111
21398 -> 01010011 10010110
32756 -> 01111111 11110100
64196 -> 11111010 11000100
43218 -> 10101000 11010010
21583 -> 01010100 01001111
25086 -> 01100001 11111110
45515 -> 10110001 11001011
12893 -> 00110010 01011101
22914 -> 01011001 10000010
58969 -> 11100110 01011001
20094 -> 01001110 01111110
13730 -> 00110101 10100010
44059 -> 10101100 00011011
28931 -> 01110001 00000011
13533 -> 00110100 11011101
33134 -> 10000001 01101110
28483 -> 01101111 01000011
1220 -> 00000100 11000100
38174 -> 10010101 00011110
53502 -> 11010000 11111110
43328 -> 10101001 01000000
4970 -> 00010011 01101010
8090 -> 00011111 10011010
2661 -> 00001010 01100101
53903 -> 11010010 10001111
11025 -> 00101011 00010001
26627 -> 01101000 00000011
18117 -> 01000110 11000101
14505 -> 00111000 10101001
61528 -> 11110000 01011000
20423 -> 01001111 11000111
26962 -> 01101001 01010010
36392 -> 10001110 00101000
11365 -> 00101100 01100101
50882 -> 11000110 11000010
41668 -> 10100010 11000100
30497 -> 01110111 00100001
36216 -> 10001101 01111000
5619 -> 00010101 11110011
36983 -> 10010000 01110111
59557 -> 11101000 10100101
36663 -> 10001111 00110111
36436 -> 10001110 01010100
37057 -> 10010000 11000001
23585 -> 01011100 00100001
58791 -> 11100101 10100111
46666 -> 10110110 01001010
64475 -> 11111011 11011011
21615 -> 01010100 01101111
41090 -> 10100000 10000010
1771 -> 00000110 11101011
47513 -> 10111001 10011001
39338 -> 10011001 10101010
1390 -> 00000101 01101110
38772 -> 10010111 01110100
58149 -> 11100011 00100101
7196 -> 00011100 00011100
9123 -> 00100011 10100011
7491 -> 00011101 01000011
62616 -> 11110100 10011000
15436 -> 00111100 01001100
17491 -> 01000100 01010011
53656 -> 11010001 10011000
26449 -> 01100111 01010001
34935 -> 10001000 01110111
19864 -> 01001101 10011000
51388 -> 11001000 10111100
15155 -> 00111011 00110011
64775 -> 11111101 00000111
47969 -> 10111011 01100001
16315 -> 00111111 10111011
1342 -> 00000101 00111110
51185 -> 11000111 11110001
6043 -> 00010111 10011011
21398 -> 01010011 10010110
3273 -> 00001100 11001001
9370 -> 00100100 10011010
35463 -> 10001010 10000111
28205 -> 01101110 00101101
2351 -> 00001001 00101111
28999 -> 01110001 01000111
47699 -> 10111010 01010011
46870 -> 10110111 00010110
22311 -> 01010111 00100111
22124 -> 01010110 01101100
22427 -> 01010111 10011011
49344 -> 11000000 11000000
23224 -> 01011010 10111000
5514 -> 00010101 10001010
20504 -> 01010000 00011000
376 -> 00000001 01111000
2014 -> 00000111 11011110
38700 -> 10010111 00101100
13098 -> 00110011 00101010
62435 -> 11110011 11100011
48046 -> 10111011 10101110
63464 -> 11110111 11101000
12798 -> 00110001 11111110
51178 -> 11000111 11101010
8627 -> 00100001 10110011
27083 -> 01101001 11001011
47198 -> 10111000 01011110
44021 -> 10101011 11110101
32792 -> 10000000 00011000
43996 -> 10101011 11011100
41126 -> 10100000 10100110
64244 -> 11111010 11110100
37047 -> 10010000 10110111
60281 -> 11101011 01111001
52904 -> 11001110 10101000
7768 -> 00011110 01011000
55359 -> 11011000 00111111
3230 -> 00001100 10011110
44813 -> 10101111 00001101
4116 -> 00010000 00010100
65222 -> 11111110 11000110
28083 -> 01101101 10110011
60660 -> 11101100 11110100
39 -> 00000000 00100111
328 -> 00000001 01001000
47868 -> 10111010 11111100
13009 -> 00110010 11010001
22378 -> 01010111 01101010
39304 -> 10011001 10001000
11171 -> 00101011 10100011
8079 -> 00011111 10001111
52879 -> 11001110 10001111
5123 -> 00010100 00000011
4356 -> 00010001 00000100
45745 -> 10110010 10110001
32952 -> 10000000 10111000
4657 -> 00010010 00110001
24142 -> 01011110 01001110
23319 -> 01011011 00010111
13607 -> 00110101 00100111
46304 -> 10110100 11100000
17677 -> 01000101 00001101
59691 -> 11101001 00101011
50967 -> 11000111 00010111
7817 -> 00011110 10001001
8545 -> 00100001 01100001
55297 -> 11011000 00000001
52954 -> 11001110 11011010
39720 -> 10011011 00101000
18455 -> 01001000 00010111
30349 -> 01110110 10001101
63270 -> 11110111 00100110
27156 -> 01101010 00010100
20614 -> 01010000 10000110
19372 -> 01001011 10101100
48689 -> 10111110 00110001
49386 -> 11000000 11101010
50584 -> 11000101 10011000
51936 -> 11001010 11100000
34705 -> 10000111 10010001
13653 -> 00110101 01010101
50077 -> 11000011 10011101
54518 -> 11010100 11110110
41482 -> 10100010 00001010
4169 -> 00010000 01001001
36118 -> 10001101 00010110
9584 -> 00100101 01110000
18490 -> 01001000 00111010
55420 -> 11011000 01111100
5708 -> 00010110 01001100
23506 -> 01011011 11010010
15391 -> 00111100 00011111
36368 -> 10001110 00010000
38976 -> 10011000 01000000
50406 -> 11000100 11100110
49236 -> 11000000 01010100
65035 -> 11111110 00001011
30120 -> 01110101 10101000
62551 -> 11110100 01010111
46809 -> 10110110 11011001
21687 -> 01010100 10110111
53839 -> 11010010 01001111
2098 -> 00001000 00110010
12364 -> 00110000 01001100
45366 -> 10110001 00110110
50437 -> 11000101 00000101
36675 -> 10001111 01000011
55382 -> 11011000 01010110
11846 -> 00101110 01000110
49127 -> 10111111 11100111
19900 -> 01001101 10111100
20554 -> 01010000 01001010
19219 -> 01001011 00010011
51483 -> 11001001 00011011
58090 -> 11100010 11101010
39074 -> 10011000 10100010
16060 -> 00111110 10111100
10447 -> 00101000 11001111
54169 -> 11010011 10011001
20634 -> 01010000 10011010
57555 -> 11100000 11010011
61210 -> 11101111 00011010
269 -> 00000001 00001101
33154 -> 10000001 10000010
64487 -> 11111011 11100111
61223 -> 11101111 00100111
47292 -> 10111000 10111100
21852 -> 01010101 01011100
5281 -> 00010100 10100001
45912 -> 10110011 01011000
32532 -> 01111111 00010100
63067 -> 11110110 01011011
41683 -> 10100010 11010011
20981 -> 01010001 11110101
33881 -> 10000100 01011001
41785 -> 10100011 00111001
4580 -> 00010001 11100100
41389 -> 10100001 10101101
28572 -> 01101111 10011100
782 -> 00000011 00001110
30273 -> 01110110 01000001
62267 -> 11110011 00111011
17922 -> 01000110 00000010
63238 -> 11110111 00000110
3308 -> 00001100 11101100
26545 -> 01100111 10110001
44395 -> 10101101 01101011
39120 -> 10011000 11010000
21706 -> 01010100 11001010
7144 -> 00011011 11101000
30244 -> 01110110 00100100
3725 -> 00001110 10001101
54632 -> 11010101 01101000
30574 -> 01110111 01101110
8473 -> 00100001 00011001
12386 -> 00110000 01100010
41114 -> 10100000 10011010
57930 -> 11100010 01001010
15341 -> 00111011 11101101
15598 -> 00111100 11101110
59922 -> 11101010 00010010
18226 -> 01000111 00110010
48162 -> 10111100 00100010
41250 -> 10100001 00100010
1512 -> 00000101 11101000
2546 -> 00001001 11110010
41682 -> 10100010 11010010
322 -> 00000001 01000010
880 -> 00000011 01110000
20891 -> 01010001 10011011
56604 -> 11011101 00011100
40166 -> 10011100 11100110
26791 -> 01101000 10100111
44560 -> 10101110 00010000
38698 -> 10010111 00101010
64127 -> 11111010 01111111
15028 -> 00111010 10110100
38669 -> 10010111 00001101
45637 -> 10110010 01000101
43151 -> 10101000 10001111
9465 -> 00100100 11111001
2498 -> 00001001 11000010
13978 -> 00110110 10011010
16326 -> 00111111 11000110
51442 -> 11001000 11110010
34845 -> 10001000 00011101
63667 -> 11111000 10110011
39370 -> 10011001 11001010
55671 -> 11011001 01110111
64496 -> 11111011 11110000
7767 -> 00011110 01010111
6283 -> 00011000 10001011
55884 -> 11011010 01001100
61103 -> 11101110 10101111
10184 -> 00100111 11001000
39543 -> 10011010 01110111
9555 -> 00100101 01010011
13963 -> 00110110 10001011
58975 -> 11100110 01011111
19537 -> 01001100 01010001
6101 -> 00010111 11010101
41421 -> 10100001 11001101
45502 -> 10110001 10111110
29328 -> 01110010 10010000
8149 -> 00011111 11010101
25450 -> 01100011 01101010
58944 -> 11100110 01000000
50666 -> 11000101 11101010
23084 -> 01011010 00101100
36468 -> 10001110 01110100
33645 -> 10000011 01101101
25002 -> 01100001 10101010
53715 -> 11010001 11010011
60173 -> 11101011 00001101
46354 -> 10110101 00010010
4708 -> 00010010 01100100
28208 -> 01101110 00110000
58844 -> 11100101 11011100
22173 -> 01010110 10011101
8535 -> 00100001 01010111
42261 -> 10100101 00010101
29687 -> 01110011 11110111
37799 -> 10010011 10100111
22566 -> 01011000 00100110
62520 -> 11110100 00111000
4098 -> 00010000 00000010
47999 -> 10111011 01111111
49660 -> 11000001 11111100
37063 -> 10010000 11000111
41856 -> 10100011 10000000
5417 -> 00010101 00101001
48856 -> 10111110 11011000
10682 -> 00101001 10111010
22370 -> 01010111 01100010
63281 -> 11110111 00110001
62452 -> 11110011 11110100
50532 -> 11000101 01100100
9022 -> 00100011 00111110
59300 -> 11100111 10100100
58660 -> 11100101 00100100
56401 -> 11011100 01010001
8518 -> 00100001 01000110
63066 -> 11110110 01011010
63250 -> 11110111 00010010
48592 -> 10111101 11010000
28771 -> 01110000 01100011
37673 -> 10010011 00101001
60776 -> 11101101 01101000
56438 -> 11011100 01110110
60424 -> 11101100 00001000
39993 -> 10011100 00111001
56004 -> 11011010 11000100
59002 -> 11100110 01111010
33982 -> 10000100 10111110
25498 -> 01100011 10011010
57047 -> 11011110 11010111
1401 -> 00000101 01111001
15130 -> 00111011 00011010
42960 -> 10100111 11010000
61827 -> 11110001 10000011
32442 -> 01111110 10111010
64304 -> 11111011 00110000
30273 -> 01110110 01000001
38082 -> 10010100 11000010
22404 -> 01010111 10000100
3808 -> 00001110 11100000
16883 -> 01000001 11110011
23111 -> 01011010 01000111
62417 -> 11110011 11010001
60364 -> 11101011 11001100
4542 -> 00010001 10111110
14829 -> 00111001 11101101
44964 -> 10101111 10100100
33924 -> 10000100 10000100
2141 -> 00001000 01011101
19245 -> 01001011 00101101
47168 -> 10111000 01000000
24048 -> 01011101 11110000
1022 -> 00000011 11111110
23075 -> 01011010 00100011
24888 -> 01100001 00111000
49247 -> 11000000 01011111
4900 -> 00010011 00100100
22656 -> 01011000 10000000
34117 -> 10000101 01000101
55555 -> 11011001 00000011
48947 -> 10111111 00110011
59533 -> 11101000 10001101
21312 -> 01010011 01000000
21415 -> 01010011 10100111
813 -> 00000011 00101101
19419 -> 01001011 11011011
1999 -> 00000111 11001111
20155 -> 01001110 10111011
21521 -> 01010100 00010001
13670 -> 00110101 01100110
19289 -> 01001011 01011001
58483 -> 11100100 01110011
41318 -> 10100001 01100110
16151 -> 00111111 00010111
13611 -> 00110101 00101011
21514 -> 01010100 00001010
13499 -> 00110100 10111011
45583 -> 10110010 00001111
49013 -> 10111111 01110101
64843 -> 11111101 01001011
63485 -> 11110111 11111101
38697 -> 10010111 00101001
59188 -> 11100111 00110100
24593 -> 01100000 00010001
57641 -> 11100001 00101001
36524 -> 10001110 10101100
56980 -> 11011110 10010100
36810 -> 10001111 11001010
6096 -> 00010111 11010000
11070 -> 00101011 00111110
60124 -> 11101010 11011100
37576 -> 10010010 11001000
15096 -> 00111010 11111000
45247 -> 10110000 10111111
32783 -> 10000000 00001111
58390 -> 11100100 00010110
60873 -> 11101101 11001001
23719 -> 01011100 10100111
24385 -> 01011111 01000001
22307 -> 01010111 00100011
17375 -> 01000011 11011111
15990 -> 00111110 01110110
20526 -> 01010000 00101110
25904 -> 01100101 00110000
42224 -> 10100100 11110000
9311 -> 00100100 01011111
7862 -> 00011110 10110110
3835 -> 00001110 11111011
30535 -> 01110111 01000111
65179 -> 11111110 10011011
57387 -> 11100000 00101011
63579 -> 11111000 01011011
4946 -> 00010011 01010010
9037 -> 00100011 01001101
61033 -> 11101110 01101001
55543 -> 11011000 11110111
50361 -> 11000100 10111001
6480 -> 00011001 01010000
14042 -> 00110110 11011010
21531 -> 01010100 00011011
39195 -> 10011001 00011011
37511 -> 10010010 10000111
23696 -> 01011100 10010000
27440 -> 01101011 00110000
28201 -> 01101110 00101001
23072 -> 01011010 00100000
7814 -> 00011110 10000110
6552 -> 00011001 10011000
43637 -> 10101010 01110101
35113 -> 10001001 00101001
34890 -> 10001000 01001010
61297 -> 11101111 01110001
45633 -> 10110010 01000001
61431 -> 11101111 11110111
46032 -> 10110011 11010000
18774 -> 01001001 01010110
62991 -> 11110110 00001111
28059 -> 01101101 10011011
35229 -> 10001001 10011101
51230 -> 11001000 00011110
14405 -> 00111000 01000101
52242 -> 11001100 00010010
43153 -> 10101000 10010001
2709 -> 00001010 10010101
47963 -> 10111011 01011011
36943 -> 10010000 01001111
54066 -> 11010011 00110010
10054 -> 00100111 01000110
43051 -> 10101000 00101011
11525 -> 00101101 00000101
17684 -> 01000101 00010100
41681 -> 10100010 11010001
27883 -> 01101100 11101011
56909 -> 11011110 01001101
45772 -> 10110010 11001100
27496 -> 01101011 01101000
46842 -> 10110110 11111010
38734 -> 10010111 01001110
28972 -> 01110001 00101100
59684 -> 11101001 00100100
11384 -> 00101100 01111000
21018 -> 01010010 00011010
2192 -> 00001000 10010000
18384 -> 01000111 11010000
13464 -> 00110100 10011000
31018 -> 01111001 00101010
62958 -> 11110101 11101110
30611 -> 01110111 10010011
1913 -> 00000111 01111001
18904 -> 01001001 11011000
26773 -> 01101000 10010101
55491 -> 11011000 11000011
21899 -> 01010101 10001011
64413 -> 11111011 10011101
47134 -> 10111000 00011110
23172 -> 01011010 10000100
7262 -> 00011100 01011110
12705 -> 00110001 10100001
7522 -> 00011101 01100010
58815 -> 11100101 10111111
34916 -> 10001000 01100100
3802 -> 00001110 11011010
58008 -> 11100010 10011000
1239 -> 00000100 11010111
63947 -> 11111001 11001011
381 -> 00000001 01111101
60734 -> 11101101 00111110
48769 -> 10111110 10000001
41938 -> 10100011 11010010
38025 -> 10010100 10001001
55099 -> 11010111 00111011
56691 -> 11011101 01110011
39530 -> 10011010 01101010
59003 -> 11100110 01111011
6029 -> 00010111 10001101
20920 -> 01010001 10111000
8077 -> 00011111 10001101
42633 -> 10100110 10001001
17443 -> 01000100 00100011
53570 -> 11010001 01000010
22833 -> 01011001 00110001
3782 -> 00001110 11000110
47758 -> 10111010 10001110
22136 -> 01010110 01111000
22427 -> 01010111 10011011
23867 -> 01011101 00111011
59968 -> 11101010 01000000
62166 -> 11110010 11010110
6972 -> 00011011 00111100
63684 -> 11111000 11000100
46388 -> 10110101 00110100
41942 -> 10100011 11010110
36524 -> 10001110 10101100
9323 -> 00100100 01101011
31114 -> 01111001 10001010
22345 -> 01010111 01001001
46463 -> 10110101 01111111
54671 -> 11010101 10001111
9214 -> 00100011 11111110
7257 -> 00011100 01011001
33150 -> 10000001 01111110
41565 -> 10100010 01011101
26214 -> 01100110 01100110
3595 -> 00001110 00001011
17932 -> 01000110 00001100
34660 -> 10000111 01100100
51961 -> 11001010 11111001
58634 -> 11100101 00001010
57990 -> 11100010 10000110
28848 -> 01110000 10110000
49920 -> 11000011 00000000
18351 -> 01000111 10101111
53669 -> 11010001 10100101
33996 -> 10000100 11001100
6741 -> 00011010 01010101
64098 -> 11111010 01100010
606 -> 00000010 01011110
27383 -> 01101010 11110111
63140 -> 11110110 10100100
32228 -> 01111101 11100100
63437 -> 11110111 11001101
29085 -> 01110001 10011101
65080 -> 11111110 00111000
38753 -> 10010111 01100001
16041 -> 00111110 10101001
9041 -> 00100011 01010001
42090 -> 10100100 01101010
46388 -> 10110101 00110100
63650 -> 11111000 10100010
36636 -> 10001111 00011100
21947 -> 01010101 10111011
19833 -> 01001101 01111001
36464 -> 10001110 01110000
8541 -> 00100001 01011101
12712 -> 00110001 10101000
48955 -> 10111111 00111011
39206 -> 10011001 00100110
15578 -> 00111100 11011010
49205 -> 11000000 00110101
7731 -> 00011110 00110011
43046 -> 10101000 00100110
60498 -> 11101100 01010010
9237 -> 00100100 00010101
47706 -> 10111010 01011010
43973 -> 10101011 11000101
42008 -> 10100100 00011000
27460 -> 01101011 01000100
24999 -> 01100001 10100111
51933 -> 11001010 11011101
34070 -> 10000101 00010110
65155 -> 11111110 10000011
59955 -> 11101010 00110011
9277 -> 00100100 00111101
20420 -> 01001111 11000100
44860 -> 10101111 00111100
50992 -> 11000111 00110000
10583 -> 00101001 01010111
57751 -> 11100001 10010111
23195 -> 01011010 10011011
27227 -> 01101010 01011011
42816 -> 10100111 01000000
58219 -> 11100011 01101011
37606 -> 10010010 11100110
18426 -> 01000111 11111010
21238 -> 01010010 11110110
11983 -> 00101110 11001111
48394 -> 10111101 00001010
11036 -> 00101011 00011100
30557 -> 01110111 01011101
23453 -> 01011011 10011101
49847 -> 11000010 10110111
30032 -> 01110101 01010000
48065 -> 10111011 11000001
6957 -> 00011011 00101101
2301 -> 00001000 11111101
7736 -> 00011110 00111000
31260 -> 01111010 00011100
17071 -> 01000010 10101111
8940 -> 00100010 11101100
9929 -> 00100110 11001001
45563 -> 10110001 11111011
12107 -> 00101111 01001011
